10 13 23 31 32 33 36 44 47 56 58 72 74 87 98
3 23 28 31 32 33 39 41 43 56 59 74 76 79 94
10 23 27 28 29 31 32 38 41 49 51 64 74 88 92 100
23 28 30 31 33 38 40 41 42 50 52 56 62 64 88
6 23 24 28 29 31 38 46 56 59 60 62 86 99 101
2 14 23 24 28 29 31 32 41 60 62 73 90 103 108
10 12 13 19 20 21 23 28 30 38 39 76 85 93 106
10 23 28 30 31 32 35 39 42 50 55 76 82 106 107
8 10 19 21 23 28 31 34 39 55 59 75 76 96 97
7 10 13 23 33 34 36 72 74 75 80 87 98 100 111
23 24 31 32 33 34 36 48 50 51 55 64 66 95 102
13 22 23 24 31 32 33 34 35 36 50 52 54 64 85
10 23 24 31 32 33 36 40 50 52 54 64 66 72 74 84
10 23 24 29 31 35 36 41 54 60 62 66 74 100 112
23 24 29 31 32 33 36 38 40 41 50 51 54 66 83
7 10 13 23 33 36 37 53 72 74 75 81 90 98 100
7 10 13 23 33 35 36 64 69 72 74 75 80 98 105
7 10 13 23 33 34 35 36 53 64 72 74 75 98 100
23 24 26 28 31 37 41 58 61 63 67 74 79 90 104
7 8 13 23 25 26 28 33 41 43 61 74 75 77 88
10 23 24 31 33 35 36 40 50 62 64 66 74 91 100
5 10 13 23 24 31 35 38 46 55 59 60 68 74 113
7 10 13 17 23 31 37 41 51 64 67 90 98 110 114
16 23 28 29 31 38 41 42 52 57 60 74 78 83 88
1 10 23 24 31 35 36 40 50 54 65 74 85 90 113
10 23 28 31 33 37 41 51 53 63 74 81 90 97 100
15 23 28 31 32 33 41 45 51 52 58 64 71 74 88
23 24 28 30 31 32 34 41 57 64 74 79 90 101 102
10 23 24 31 35 36 38 40 50 51 54 55 60 74 100
6 18 23 24 28 29 31 41 52 60 62 64 73 74 101
23 24 31 32 33 34 35 36 40 50 54 64 66 70 102
1 10 23 28 31 33 40 42 50 52 64 72 74 86 87
10 23 28 32 33 34 35 36 42 50 52 64 84 100 102
6 23 24 28 29 31 32 41 52 57 60 73 74 101 102
10 11 23 28 29 31 41 52 57 74 77 78 79 88 100 109
0 2 4 9 23 24 28 32 41 49 52 75 89 90 108
10 23 28 31 32 37 41 58 60 61 64 74 79 90 109
23 24 26 28 29 31 32 37 41 51 57 64 74 94 101 112
